-8867	4063	-6278	2428	1350
-4164	-9791	-1509	6883	2966
2762	1709	-7914	3916	-8520
1477	5636	3836	-7325	2421
2428	-9185	-9628	6569	9422
-972	-2004	207	3360	-3348
9714	-9218	-5498	-5471	-9024
1322	8742	-1776	-2472	3976
1767	-8285	2309	9803	3651
4859	9802	6349	2386	7641
6829	-8882	9659	1799	-6063
4453	-7617	-7965	-2285	4478
8833	8943	4830	-705	-1869
3882	-2046	8461	-5164	-9572
7676	2616	6783	-9829	-3946
-1143	-8085	1639	-8524	9674
9035	-2351	6576	-2243	-4809
411	9380	-9112	-2464	-2387
-7733	-9780	-3010	-9294	9829
6961	1320	-5886	-6630	-5958
-5882	-7346	82	8607	1062
-6039	-5834	-3024	6529	-2193
9501	-1545	9365	6101	-793
-4963	-9880	-8624	-8234	-9029
3730	2090	-7402	-7150	3906
8056	2662	-8148	-626	4974
397	3233	-9332	-7565	-9346
-7277	-7649	-8955	-2087	9143
6682	8246	8716	8667	8794
-3096	-268	-2548	-2086	6664
-1831	-4726	2455	3565	1901
6369	6220	-8855	4315	-845
8556	-4743	2625	-4416	9655
-6691	-267	4280	4332	-3358
5162	-2477	-7496	-6847	-809
7397	-2428	9402	1059	7880
-6746	-6101	3485	-4961	2927
4803	9736	-1120	-4439	5884
12	-994	-679	9153	5853
8547	-9017	4471	-4384	2627
-7478	-9912	-96	-5098	5676
-4820	-3196	830	4635	9985
-3326	-6492	8691	-4381	5715
5166	7404	2347	6842	3446
3007	-3010	-1238	-1208	7159
1764	3545	-451	-2878	6802
-3874	7067	4805	-9535	-341
491	7452	150	7829	-2190
9522	-6677	5250	-3072	-2211
-2906	3409	-3281	-4734	-2501
-5324	-6159	2190	-5447	7509
-7769	1857	5047	4336	-2136
-5471	8713	-4048	1432	-4944
-8824	-1445	5748	-7320	6589
1207	3255	-1020	5274	-281
-6686	6536	-4409	6570	8657
6724	8147	9106	-4766	363
-2775	5206	-5347	5676	2772
-1482	-8055	-6484	5318	-3450
852	5254	871	-4457	-934
-7759	-539	9337	7643	-8343
-1041	5979	9115	3107	-4762
3299	-6717	6423	-5014	-4818
-8349	-9927	-4274	8940	1347
4776	-6302	6787	-5919	-5838
-3271	-4743	4336	-9957	3151
-4541	4743	-7343	-3533	-1409
-6684	690	-7970	-6723	-3186
2140	-2975	4957	4109	7576
-8673	5100	9355	-9796	-8331
-4213	9039	7842	9301	-8645
-4445	-391	8522	2306	4545
-2881	7593	4961	-5174	-5249
-8327	-7888	-8801	3256	-1222
-9048	585	9042	-9397	-4201
8884	2294	8281	5856	-1690
5779	-9481	5382	3018	459
9834	-2736	-7079	1639	-1850
5927	6446	7899	4779	-4418
2621	-935	6957	557	-5820
6438	-2225	22	-1089	-1301
8724	-4690	-487	3846	5166
3864	-8590	9523	7726	8067
4552	-2260	5952	-1675	-3923
-8217	-4326	1385	-4257	-9776
-4470	8689	5907	4806	-5408
3288	9355	-7563	3569	2442
5044	-2444	5240	461	7135
-6522	7688	-6512	5303	2821
-4309	-6778	3599	-8379	1168
1585	-1072	5739	1518	-6756
3326	9217	-5134	-4798	1614
-6837	8602	9419	1396	-7471
-6280	9314	-628	2114	-2155
9238	6469	-9212	7182	-1228
-8730	2227	-4324	-7571	-3696
2103	-3342	-9365	9618	-9844
5018	1484	130	5273	3880
-8285	-444	-6947	-2102	9915
3936	5938	6290	-857	-4082
-4307	-372	-834	8001	1571
2007	-843	1444	-7193	9195
9570	497	8931	-7096	519
6091	4355	-1386	5737	-5534
9971	-969	-2738	8123	3270
959	3559	4758	9171	-1585
-2952	-6551	-5320	5034	-5961
-9844	2066	-8356	6582	-1610
1396	-8377	7513	-5995	4877
-2580	-8161	-5837	4900	2246
7815	-9650	-3398	3320	-9903
-1676	-8136	-8365	3836	5916
601	-9901	4891	-9711	-8116
-1992	7311	7733	-1471	-5038
6535	3362	6437	-5884	9207
-9219	8584	1815	-9970	2994
-9958	3233	-7624	4228	1146
7588	-8675	-1133	-7610	9724
-848	569	-1081	5760	-5543
4195	-4368	2173	1781	-2689
-9078	6564	9383	-7887	9743
3201	-4243	639	-5741	-4860
6153	-4585	6063	4565	-2369
4591	8591	9431	-2665	6338
4054	4153	-3493	7545	9333
3914	-4682	7002	-7657	9420
-5275	-4192	5540	2768	-4212
6001	1155	6604	-4948	-7254
-7765	3272	3603	-1337	-2935
4621	3239	13	2069	-1379
9312	-538	-5803	-5397	7644
6644	-7722	-8559	6101	-4715
-5551	-7649	8907	8957	-9516
4468	4896	-9864	-8856	-548
8874	5808	3536	8460	9534
-2563	-8815	-2086	7	6050
-9485	4112	-2461	-3757	-3946
-3281	-9037	9422	-9819	8106
9293	-1527	9622	8083	-6950
-103	1467	-8737	-5479	246
-9171	5193	5639	-7045	9994
-9600	3121	-6497	-7910	-6092
-6286	2947	-1478	1942	8564
-4911	-8448	5226	6764	4267
5710	-9762	-6253	6680	-7979
-8833	4945	-6578	-725	-4197
9522	9024	8802	-2435	337
-6646	-6221	-9603	-6623	-3280
2214	-8669	7553	-1798	8213
8436	9210	3321	2195	-4813
-7328	1230	-3762	7765	-6411
874	-7030	9389	6580	-1328
5459	1729	4165	9603	1072
3539	9979	9429	5423	5189
-7784	-6655	3696	8252	6878
-172	-9621	8941	2074	-3899
-8861	957	-7264	5417	-1260
8709	-1314	-1951	3969	585
3368	-4892	-3836	-2897	4914
-7815	-1673	7155	-8317	-3828
-5168	-800	8455	-6343	7354
3671	-3280	-695	5737	9168
-5768	6556	1527	7379	4926
4310	3769	6106	592	1814
7815	-8237	734	-7952	-5027
-1420	-1961	6516	7770	5931
-7465	3885	9080	9843	7374
-9960	728	-942	-1314	2837
-1354	-4690	1343	-7248	-1571
-9439	-7151	551	6906	1494
-4995	9138	-9088	6657	8310
-4777	7085	2943	-8209	8218
-3579	-7766	-5662	3823	-5099
-5	7045	8644	-2815	2092
-9319	1844	-2071	-4663	-9344
8738	2538	8265	6855	-9542
-3944	5607	-2061	-4214	1710
-5163	-7768	-9547	803	-8824
-388	8439	2715	-8777	5562
6095	780	-2840	-7439	7875
-1468	1972	-1307	2204	7315
1596	-7817	-6192	1272	5748
7300	-5813	-5353	-870	-6605
6786	7076	-3472	7371	-20
1306	-266	6569	1996	4976
5224	-5470	827	-6470	-6621
-6753	-172	1320	4092	-4487
-4510	3811	-7491	-8812	8253
-702	-8854	3230	-6436	619
-1650	-1999	4319	1633	3210
-2696	962	7997	-8665	5068
-8595	-1834	9423	3152	466
-2218	-3633	-4001	-8906	550
-2548	-8383	6723	-4265	-7334
7395	8020	-3938	-9255	5655
-8271	8034	-9123	-9454	-5416
5487	7368	-8024	-9642	9686
-1231	-6321	8730	553	7581
-6391	-594	-661	7280	2131
4983	7417	1182	1798	564